{
  "points": {
    "depots": [
      {
        "id": 0,
        "name": "Dapur Katering (Sawojajar)",
        "x": 3.2,
        "y": -1.5,
        "time_window": {
          "start": "10:00",
          "end": "13:00"
        },
        "service_time": 0
      }
    ],
    "customers": [
      {
        "id": 1,
        "name": "RS Saiful Anwar",
        "x": 0.2,
        "y": 1.5,
        "demand": 67,
        "time_window": {
          "start": "11:00",
          "end": "12:30"
        },
        "service_time": 5
      },
      {
        "id": 2,
        "name": "RS Lavalette",
        "x": 1.5,
        "y": 2.2,
        "demand": 69,
        "time_window": {
          "start": "11:00",
          "end": "12:30"
        },
        "service_time": 5
      },
      {
        "id": 3,
        "name": "RS Hermina",
        "x": 0.5,
        "y": -1.0,
        "demand": 40,
        "time_window": {
          "start": "11:00",
          "end": "12:30"
        },
        "service_time": 5
      },
      {
        "id": 4,
        "name": "RSI Aisyiyah",
        "x": -0.5,
        "y": -0.8,
        "demand": 59,
        "time_window": {
          "start": "11:00",
          "end": "12:30"
        },
        "service_time": 5
      },
      {
        "id": 5,
        "name": "RS Panti Nirmala",
        "x": 1.2,
        "y": -0.5,
        "demand": 55,
        "time_window": {
          "start": "11:00",
          "end": "12:30"
        },
        "service_time": 5
      },
      {
        "id": 6,
        "name": "RS Soepraoen",
        "x": -1.0,
        "y": -2.0,
        "demand": 23,
        "time_window": {
          "start": "11:00",
          "end": "12:30"
        },
        "service_time": 5
      },
      {
        "id": 7,
        "name": "RS Unisma",
        "x": -3.5,
        "y": 3.0,
        "demand": 75,
        "time_window": {
          "start": "11:00",
          "end": "12:30"
        },
        "service_time": 5
      },
      {
        "id": 8,
        "name": "RS UB (Soekarno Hatta)",
        "x": -2.5,
        "y": 4.5,
        "demand": 38,
        "time_window": {
          "start": "11:00",
          "end": "12:30"
        },
        "service_time": 5
      },
      {
        "id": 9,
        "name": "RS Permata Bunda",
        "x": -2.0,
        "y": 3.5,
        "demand": 26,
        "time_window": {
          "start": "11:00",
          "end": "12:30"
        },
        "service_time": 5
      },
      {
        "id": 10,
        "name": "Puskesmas Dinoyo",
        "x": -3.0,
        "y": 3.2,
        "demand": 28,
        "time_window": {
          "start": "11:00",
          "end": "12:30"
        },
        "service_time": 5
      },
      {
        "id": 11,
        "name": "Puskesmas Kendalsari",
        "x": 2.5,
        "y": 3.0,
        "demand": 61,
        "time_window": {
          "start": "11:00",
          "end": "12:30"
        },
        "service_time": 5
      },
      {
        "id": 12,
        "name": "Puskesmas Janti",
        "x": 4.0,
        "y": -2.5,
        "demand": 63,
        "time_window": {
          "start": "11:00",
          "end": "12:30"
        },
        "service_time": 5
      },
      {
        "id": 13,
        "name": "Puskesmas Kedungkandang",
        "x": 5.5,
        "y": -1.5,
        "demand": 45,
        "time_window": {
          "start": "11:00",
          "end": "12:30"
        },
        "service_time": 5
      },
      {
        "id": 14,
        "name": "Puskesmas Arjowinangun",
        "x": 3.0,
        "y": -5.0,
        "demand": 51,
        "time_window": {
          "start": "11:00",
          "end": "12:30"
        },
        "service_time": 5
      },
      {
        "id": 15,
        "name": "Puskesmas Mulyorejo",
        "x": -5.0,
        "y": -3.0,
        "demand": 57,
        "time_window": {
          "start": "11:00",
          "end": "12:30"
        },
        "service_time": 5
      },
      {
        "id": 16,
        "name": "Puskesmas Bareng",
        "x": -1.5,
        "y": 0.0,
        "demand": 74,
        "time_window": {
          "start": "11:00",
          "end": "12:30"
        },
        "service_time": 5
      },
      {
        "id": 17,
        "name": "Puskesmas Pandanwangi",
        "x": 5.0,
        "y": 4.0,
        "demand": 32,
        "time_window": {
          "start": "11:00",
          "end": "12:30"
        },
        "service_time": 5
      },
      {
        "id": 18,
        "name": "Puskesmas Cisadea",
        "x": 2.0,
        "y": 3.5,
        "demand": 59,
        "time_window": {
          "start": "11:00",
          "end": "12:30"
        },
        "service_time": 5
      },
      {
        "id": 19,
        "name": "Klinik Bunga Melati",
        "x": 0.8,
        "y": 1.8,
        "demand": 46,
        "time_window": {
          "start": "11:00",
          "end": "12:30"
        },
        "service_time": 5
      },
      {
        "id": 20,
        "name": "Klinik Kimia Farma Ijen",
        "x": -1.2,
        "y": 1.5,
        "demand": 71,
        "time_window": {
          "start": "11:00",
          "end": "12:30"
        },
        "service_time": 5
      }
    ]
  },
  "inputData": {
    "customerTimeWindows": [
      {
        "demand": 67.0,
        "tw_start": "11:00",
        "tw_end": "12:30",
        "service_time": 5
      },
      {
        "demand": 69.0,
        "tw_start": "11:00",
        "tw_end": "12:30",
        "service_time": 5
      },
      {
        "demand": 40.0,
        "tw_start": "11:00",
        "tw_end": "12:30",
        "service_time": 5
      },
      {
        "demand": 59.0,
        "tw_start": "11:00",
        "tw_end": "12:30",
        "service_time": 5
      },
      {
        "demand": 55.0,
        "tw_start": "11:00",
        "tw_end": "12:30",
        "service_time": 5
      },
      {
        "demand": 23.0,
        "tw_start": "11:00",
        "tw_end": "12:30",
        "service_time": 5
      },
      {
        "demand": 75.0,
        "tw_start": "11:00",
        "tw_end": "12:30",
        "service_time": 5
      },
      {
        "demand": 38.0,
        "tw_start": "11:00",
        "tw_end": "12:30",
        "service_time": 5
      },
      {
        "demand": 26.0,
        "tw_start": "11:00",
        "tw_end": "12:30",
        "service_time": 5
      },
      {
        "demand": 28.0,
        "tw_start": "11:00",
        "tw_end": "12:30",
        "service_time": 5
      },
      {
        "demand": 61.0,
        "tw_start": "11:00",
        "tw_end": "12:30",
        "service_time": 5
      },
      {
        "demand": 63.0,
        "tw_start": "11:00",
        "tw_end": "12:30",
        "service_time": 5
      },
      {
        "demand": 45.0,
        "tw_start": "11:00",
        "tw_end": "12:30",
        "service_time": 5
      },
      {
        "demand": 51.0,
        "tw_start": "11:00",
        "tw_end": "12:30",
        "service_time": 5
      },
      {
        "demand": 57.0,
        "tw_start": "11:00",
        "tw_end": "12:30",
        "service_time": 5
      },
      {
        "demand": 74.0,
        "tw_start": "11:00",
        "tw_end": "12:30",
        "service_time": 5
      },
      {
        "demand": 32.0,
        "tw_start": "11:00",
        "tw_end": "12:30",
        "service_time": 5
      },
      {
        "demand": 59.0,
        "tw_start": "11:00",
        "tw_end": "12:30",
        "service_time": 5
      },
      {
        "demand": 46.0,
        "tw_start": "11:00",
        "tw_end": "12:30",
        "service_time": 5
      },
      {
        "demand": 71.0,
        "tw_start": "11:00",
        "tw_end": "12:30",
        "service_time": 5
      }
    ],
    "customerDemand": [
      67.0,
      69.0,
      40.0,
      59.0,
      55.0,
      23.0,
      75.0,
      38.0,
      26.0,
      28.0,
      61.0,
      63.0,
      45.0,
      51.0,
      57.0,
      74.0,
      32.0,
      59.0,
      46.0,
      71.0
    ],
    "distanceMatrix": [
      [
        0.0,
        4.2426,
        4.0719,
        2.7459,
        3.7656,
        2.2361,
        4.2297,
        8.0709,
        8.2759,
        7.2139,
        7.7801,
        4.5541,
        1.2806,
        2.3,
        3.5057,
        8.3361,
        4.9336,
        5.7871,
        5.142,
        4.0804,
        5.3254
      ],
      [
        4.2426,
        0.0,
        1.4765,
        2.5179,
        2.4042,
        2.2361,
        3.7,
        3.9925,
        4.0361,
        2.9732,
        3.6235,
        2.7459,
        5.5172,
        6.0902,
        7.0774,
        6.8768,
        2.2672,
        5.412,
        2.6907,
        0.6708,
        1.4
      ],
      [
        4.0719,
        1.4765,
        0.0,
        3.3526,
        3.6056,
        2.7166,
        4.8877,
        5.0636,
        4.6141,
        3.7336,
        4.6098,
        1.2806,
        5.3235,
        5.4489,
        7.3546,
        8.3241,
        3.7202,
        3.9357,
        1.3928,
        0.8062,
        2.7893
      ],
      [
        2.7459,
        2.5179,
        3.3526,
        0.0,
        1.0198,
        0.8602,
        1.8028,
        5.6569,
        6.265,
        5.1478,
        5.4672,
        4.4721,
        3.8079,
        5.0249,
        4.717,
        5.8523,
        2.2361,
        6.7268,
        4.7434,
        2.816,
        3.0232
      ],
      [
        3.7656,
        2.4042,
        3.6056,
        1.0198,
        0.0,
        1.7263,
        1.3,
        4.8415,
        5.6648,
        4.5541,
        4.717,
        4.8415,
        4.8104,
        6.0407,
        5.4672,
        5.009,
        1.2806,
        7.3,
        4.9739,
        2.9069,
        2.4042
      ],
      [
        2.2361,
        2.2361,
        2.7166,
        0.8602,
        1.7263,
        0.0,
        2.6627,
        5.86,
        6.2201,
        5.1225,
        5.5973,
        3.7336,
        3.4409,
        4.4147,
        4.8466,
        6.6851,
        2.7459,
        5.8898,
        4.0792,
        2.3345,
        3.1241
      ],
      [
        4.2297,
        3.7,
        4.8877,
        1.8028,
        1.3,
        2.6627,
        0.0,
        5.5902,
        6.6708,
        5.5902,
        5.5714,
        6.1033,
        5.0249,
        6.5192,
        5.0,
        4.1231,
        2.0616,
        8.4853,
        6.265,
        4.2048,
        3.5057
      ],
      [
        8.0709,
        3.9925,
        5.0636,
        5.6569,
        4.8415,
        5.86,
        5.5902,
        0.0,
        1.8028,
        1.5811,
        0.5385,
        6.0,
        9.3005,
        10.0623,
        10.3078,
        6.1847,
        3.6056,
        8.5586,
        5.5227,
        4.4643,
        2.7459
      ],
      [
        8.2759,
        4.0361,
        4.6141,
        6.265,
        5.6648,
        6.2201,
        6.6708,
        1.8028,
        0.0,
        1.118,
        1.3928,
        5.2202,
        9.5525,
        10.0,
        10.9772,
        7.9057,
        4.6098,
        7.5166,
        4.6098,
        4.2638,
        3.2696
      ],
      [
        7.2139,
        2.9732,
        3.7336,
        5.1478,
        4.5541,
        5.1225,
        5.5902,
        1.5811,
        1.118,
        0.0,
        1.044,
        4.5277,
        8.4853,
        9.0139,
        9.8615,
        7.1589,
        3.5355,
        7.0178,
        4.0,
        3.2757,
        2.1541
      ],
      [
        7.7801,
        3.6235,
        4.6098,
        5.4672,
        4.717,
        5.5973,
        5.5714,
        0.5385,
        1.3928,
        1.044,
        0.0,
        5.5036,
        9.0272,
        9.7129,
        10.1607,
        6.5146,
        3.5341,
        8.0399,
        5.009,
        4.0497,
        2.4759
      ],
      [
        4.5541,
        2.7459,
        1.2806,
        4.4721,
        4.8415,
        3.7336,
        6.1033,
        6.0,
        5.2202,
        4.5277,
        5.5036,
        0.0,
        5.7009,
        5.4083,
        8.0156,
        9.6047,
        5.0,
        2.6926,
        0.7071,
        2.0809,
        3.9925
      ],
      [
        1.2806,
        5.5172,
        5.3235,
        3.8079,
        4.8104,
        3.4409,
        5.0249,
        9.3005,
        9.5525,
        8.4853,
        9.0272,
        5.7009,
        0.0,
        1.8028,
        2.6926,
        9.0139,
        6.0415,
        6.5765,
        6.3246,
        5.36,
        6.5605
      ],
      [
        2.3,
        6.0902,
        5.4489,
        5.0249,
        6.0407,
        4.4147,
        6.5192,
        10.0623,
        10.0,
        9.0139,
        9.7129,
        5.4083,
        1.8028,
        0.0,
        4.3012,
        10.6066,
        7.1589,
        5.5227,
        6.1033,
        5.7428,
        7.341
      ],
      [
        3.5057,
        7.0774,
        7.3546,
        4.717,
        5.4672,
        4.8466,
        5.0,
        10.3078,
        10.9772,
        9.8615,
        10.1607,
        8.0156,
        2.6926,
        4.3012,
        0.0,
        8.2462,
        6.7268,
        9.2195,
        8.5586,
        7.147,
        7.7389
      ],
      [
        8.3361,
        6.8768,
        8.3241,
        5.8523,
        5.009,
        6.6851,
        4.1231,
        6.1847,
        7.9057,
        7.1589,
        6.5146,
        9.6047,
        9.0139,
        10.6066,
        8.2462,
        0.0,
        4.6098,
        12.2066,
        9.5525,
        7.5286,
        5.8898
      ],
      [
        4.9336,
        2.2672,
        3.7202,
        2.2361,
        1.2806,
        2.7459,
        2.0616,
        3.6056,
        4.6098,
        3.5355,
        3.5341,
        5.0,
        6.0415,
        7.1589,
        6.7268,
        4.6098,
        0.0,
        7.6322,
        4.9497,
        2.9206,
        1.5297
      ],
      [
        5.7871,
        5.412,
        3.9357,
        6.7268,
        7.3,
        5.8898,
        8.4853,
        8.5586,
        7.5166,
        7.0178,
        8.0399,
        2.6926,
        6.5765,
        5.5227,
        9.2195,
        12.2066,
        7.6322,
        0.0,
        3.0414,
        4.7413,
        6.6851
      ],
      [
        5.142,
        2.6907,
        1.3928,
        4.7434,
        4.9739,
        4.0792,
        6.265,
        5.5227,
        4.6098,
        4.0,
        5.009,
        0.7071,
        6.3246,
        6.1033,
        8.5586,
        9.5525,
        4.9497,
        3.0414,
        0.0,
        2.0809,
        3.7736
      ],
      [
        4.0804,
        0.6708,
        0.8062,
        2.816,
        2.9069,
        2.3345,
        4.2048,
        4.4643,
        4.2638,
        3.2757,
        4.0497,
        2.0809,
        5.36,
        5.7428,
        7.147,
        7.5286,
        2.9206,
        4.7413,
        2.0809,
        0.0,
        2.0224
      ],
      [
        5.3254,
        1.4,
        2.7893,
        3.0232,
        2.4042,
        3.1241,
        3.5057,
        2.7459,
        3.2696,
        2.1541,
        2.4759,
        3.9925,
        6.5605,
        7.341,
        7.7389,
        5.8898,
        1.5297,
        6.6851,
        3.7736,
        2.0224,
        0.0
      ]
    ],
    "distance_multiplier": 1.5
  },
  "user_vehicles": [
    {
      "id": "Fleet A - Box Sedang",
      "name": "Fleet A - Box Sedang",
      "capacity": 60,
      "units": 2,
      "available_from": "10:00",
      "available_until": "14:00",
      "enabled": true,
      "fixed_cost": 40000,
      "variable_cost_per_km": 1000
    },
    {
      "id": "Fleet B - Box Besar",
      "name": "Fleet B - Box Besar",
      "capacity": 100,
      "units": 2,
      "available_from": "10:00",
      "available_until": "14:00",
      "enabled": true,
      "fixed_cost": 60000,
      "variable_cost_per_km": 1200
    }
  ],
  "acs_params": {
    "alpha": 1.0,
    "beta": 2.0,
    "rho": 0.05,
    "q0": 0.8,
    "num_ants": 20,
    "max_iterations": 60
  },
  "kapasitas_kendaraan": 200,
  "iterasi": 60,
  "distanceMatrix_size": 21
}